1 0.000005
2 0.000011
3 0.000015
4 0.000020
5 0.000024
6 0.000030
7 0.000035
8 0.000057
9 0.000045
10 0.000049
20 0.000099
30 0.000148
40 0.000198
50 0.000248
60 0.000298
70 0.000347
80 0.000429
90 0.000487
100 0.000542
200 0.001035
300 0.001549
400 0.002066
500 0.002575
600 0.003100
700 0.003622
800 0.004149
900 0.004671
1000 0.005167
2000 0.010344
3000 0.015524
4000 0.020287
5000 0.025211
6000 0.030266
7000 0.035697
8000 0.040443
9000 0.045535
10000 0.050456
20000 0.100163
30000 0.150103
40000 0.199881
50000 0.249967
60000 0.299407
70000 0.349452
80000 0.399495
90000 0.448859
100000 0.499067
200000 0.997842
300000 1.495932
400000 1.994008
500000 2.492423
600000 2.992969
700000 3.489383
800000 4.004273
900000 4.488878
1000000 4.985212
2000000 9.970578
3000000 14.955343
4000000 19.941373
5000000 24.921411
6000000 29.906435
7000000 34.891437
8000000 39.876494
9000000 44.859786
10000000 49.848879
20000000 99.687550
30000000 149.534844
40000000 199.381372
50000000 249.228859
60000000 299.064671
70000000 348.905096
80000000 398.725545
90000000 448.564220
100000000 498.396283
