1 0.000000
2 0.000000
3 0.000000
4 0.000000
5 0.000000
6 0.000000
7 0.000000
8 0.000000
9 0.000000
10 0.000000
20 0.000001
30 0.000001
40 0.000001
50 0.000001
60 0.000002
70 0.000002
80 0.000002
90 0.000002
100 0.000003
200 0.000005
300 0.000007
400 0.000010
500 0.000012
600 0.000015
700 0.000017
800 0.000019
900 0.000021
1000 0.000024
2000 0.000047
3000 0.000071
4000 0.000095
5000 0.000118
6000 0.000142
7000 0.000169
8000 0.000189
9000 0.000244
10000 0.000236
20000 0.000472
30000 0.000712
40000 0.000986
50000 0.001218
60000 0.001406
70000 0.001664
80000 0.001893
90000 0.002138
100000 0.002389
200000 0.004744
300000 0.007205
400000 0.009511
500000 0.011860
600000 0.014159
700000 0.016663
800000 0.018948
900000 0.021198
1000000 0.023754
2000000 0.047247
3000000 0.070737
4000000 0.094218
5000000 0.117666
6000000 0.141493
7000000 0.164767
8000000 0.188531
9000000 0.212052
10000000 0.235437
20000000 0.470452
30000000 0.706501
40000000 0.941878
50000000 1.176441
60000000 1.412274
70000000 1.648332
80000000 1.882598
90000000 2.118786
100000000 2.351385
