1 0.000001
2 0.000001
3 0.000002
4 0.000002
5 0.000002
6 0.000003
7 0.000003
8 0.000004
9 0.000004
10 0.000005
20 0.000009
30 0.000014
40 0.000019
50 0.000023
60 0.000027
70 0.000032
80 0.000036
90 0.000041
100 0.000045
200 0.000095
300 0.000157
400 0.000193
500 0.000225
600 0.000280
700 0.000320
800 0.000370
900 0.000411
1000 0.000450
2000 0.000941
3000 0.001355
4000 0.001808
5000 0.002257
6000 0.002749
7000 0.003205
8000 0.003653
9000 0.004105
10000 0.004556
20000 0.009148
30000 0.013694
40000 0.018136
50000 0.022719
60000 0.027127
70000 0.031641
80000 0.036270
90000 0.040814
100000 0.045288
200000 0.093110
300000 0.142806
400000 0.185404
500000 0.227728
600000 0.272211
700000 0.318421
800000 0.362161
900000 0.407724
1000000 0.454572
2000000 0.915145
3000000 1.357758
4000000 1.808392
5000000 2.260176
6000000 2.710593
7000000 3.163837
8000000 3.626914
9000000 4.069712
10000000 4.517205
20000000 9.032615
30000000 13.549032
40000000 18.064213
50000000 22.577725
60000000 27.092885
70000000 31.607295
80000000 36.128564
90000000 40.656492
100000000 45.172908
