1 0.000001
2 0.000000
3 0.000000
4 0.000000
5 0.000000
6 0.000000
7 0.000000
8 0.000000
9 0.000000
10 0.000000
20 0.000000
30 0.000000
40 0.000000
50 0.000000
60 0.000000
70 0.000000
80 0.000000
90 0.000000
100 0.000000
200 0.000001
300 0.000001
400 0.000002
500 0.000002
600 0.000002
700 0.000003
800 0.000003
900 0.000003
1000 0.000004
2000 0.000007
3000 0.000011
4000 0.000015
5000 0.000018
6000 0.000022
7000 0.000025
8000 0.000029
9000 0.000033
10000 0.000036
20000 0.000078
30000 0.000108
40000 0.000145
50000 0.000181
60000 0.000217
70000 0.000253
80000 0.000294
90000 0.000325
100000 0.000361
200000 0.000722
300000 0.001088
400000 0.001454
500000 0.001820
600000 0.002178
700000 0.002541
800000 0.002901
900000 0.003263
1000000 0.003623
2000000 0.007281
3000000 0.010865
4000000 0.014616
5000000 0.018232
6000000 0.021852
7000000 0.025751
8000000 0.029244
9000000 0.033155
10000000 0.037036
20000000 0.073159
30000000 0.110340
40000000 0.146633
50000000 0.184366
60000000 0.218605
70000000 0.258704
80000000 0.295652
90000000 0.333722
100000000 0.366439
